0,390
0,386
28,49
28,48
28,47
28,46
28,45
28,44
28,43
28,42
28,41
28,40
28,39
28,38
28,37
28,36
28,35
3,2
3,1
3,3
10,73
10,313
10,121
10,265
10,83
10,175
10,271
10,253
12,2
12,1
12,3
20,2
20,1
20,3
27,5
27,4
27,3
27,2
19,2
19,1
27,1
27,0
26,4
26,3
26,2
19,3
26,1
26,0
25,4
25,3
25,2
25,1
25,0
24,4
24,3
24,2
24,1
24,0
23,3
23,2
23,1
23,0
11,29
11,28
11,27
11,26
11,25
11,24
11,23
11,22
11,21
11,20
11,19
11,18
11,17
11,16
11,15
11,14
11,13
11,12
11,11
11,10
11,9
11,8
11,7
11,6
11,5
11,4
11,3
11,2
11,1
11,0
10,95
10,94
10,35
10,34
10,33
10,32
10,31
10,30
10,29
